Point;LatLng
3942;92.9071275,55.9842600
3943;84.9702562,56.4936159
3944;36.638737,55.102828
3945;46.6650235,61.2561293
3946;37.8832451,55.6757390
3947;37.8832451,55.6757390
3948;37.8832451,55.6757390
3949;37.6173000,55.7558260
3950;36.4883230,55.2027043
3951;41.3531191,56.8521594
3952;60.6009910,56.8256450
3954;45.9350610,51.5952270
3955;39.8388620,57.6733840
3958;37.6933090,55.8705050
3959;37.8170310,55.9206790
3960;59.9926510,57.9249000
3961;58.4659040,51.2278470
3962;47.7720071,52.0136992
3964;59.9372336,57.8731234
3965;30.4766092,59.9116769
3966;56.2636554,57.9747582
3967;60.6619315,56.7853420
3969;43.4917930,56.2372760
3970;40.550826,64.552323
3971;43.9885953,56.2410325
3972;58.9804330,53.3805072
3973;58.9804330,53.3805072
3974;58.9804330,53.3805072
3975;58.9986291,53.4414691
3976;58.9788070,53.3620835
3978;38.4486829,55.4503472
3980;42.0159540,55.5843064
3981;59.0016233,53.4129429
3982;58.9788070,53.3620835
3983;60.6064070,56.8345450
3984;39.7015050,47.2357137
3985;37.8355545,57.2394797
3986;37.8380956,57.2388555
3987;46.0251885,51.5343339
3988;58.9865910,53.4463400
3989;39.8320443,47.2762701
3990;37.7390779,55.6688301
3991;49.6703550,58.6166740
3992;37.597007,55.706541
3993;107.653019,51.8361019
3994;45.0062314,53.2351379
3995;37.8499642,55.9923437
3996;59.0060574,53.3610912
3997;37.6373180,54.1563830
3998;37.6015779,54.1579190
3999;41.0134740,56.9705750
4002;42.1356795,57.4933973
4003;37.1279150,55.3349500
4004;39.9420364,47.3014699
4005;42.1356795,57.4933973
4006;39.821855,47.274493
4007;61.9154695,57.3315260
4008;35.5005286,56.0350857
4009;60.6057025,56.8389261
4010;40.9713839,57.7497386
4012;37.4422441,55.8248668
4013;40.5508260,64.5523230
4015;92.8932476,56.0152834
4016;40.4520979,56.1725588
4017;39.7548990,47.2489900
4018;91.4091299,53.7186847
4019;37.3890027,55.7233157
4020;39.7621940,47.2687010
4021;52.7375726,51.7695971
4022;39.8623640,57.6585500
4024;39.8844708,57.6260744
4025;39.6407250,47.2127750
4026;35.7756041,54.0354827
4027;50.2212463,53.2415041
4028;60.6164100,56.7433220
4029;40.601773,64.445186
4030;40.601773,64.445186
4031;34.9930676,55.5450818
4033;37.6378185,55.8981884
4034;59.6858853,55.1558787
4035;53.2324285,56.8618601
4039;38.4535900,55.7811640
4040;60.6057025,56.8389261
4041;39.8426150,59.2031300
4042;38.2407510,55.5829370
4043;41.3122180,56.3598760
4044;38.9587867,55.7218708
4045;38.8116968,58.0574860
4046;34.9990438,55.5505136
4047;39.8378630,57.6726120
4048;36.3481228,54.5519534
4049;37.3598916,56.8603977
4050;32.0694741,54.7554440
4051;32.0694741,54.7554440
4053;37.3883279,55.7228394
4054;39.1351257,51.7040851
4055;49.4198344,53.5086002
4056;30.452025,59.843927
4057;60.6233736,56.8164291
4058;37.6452690,55.8551460
4059;35.9080546,56.8753831
4060;41.0042050,57.7612130
4061;32.6857211,52.8463936
4062;34.2834756,63.7425390
4063;30.5990596,64.5820443
4064;30.1064659,59.5624627
4065;42.1159511,57.4426249
4066;30.4968150,59.7475720
4067;30.3508920,59.9000680
4068;48.0694421,46.3599111
4069;30.4968150,59.7475720
4070;59.9436938,56.9043053
4071;38.1393965,48.043204
4072;40.9334761,56.9992834
4073;60.5664048,56.8224438
4074;41.4887147,46.4713228
4075;30.4516110,59.8938820
4076;40.2445448,48.3102990
4077;39.7015050,47.2357137
4078;40.9585690,57.7668880
4079;41.4423062,52.7235980
4081;39.6487270,47.2453420
4082;39.8844708,57.6260744
4083;37.6151867,57.3640359
4084;53.1823731,56.7967681
4085;39.8844708,57.6260744
4086;40.9812030,57.0161020
4087;41.7323046,57.1130811
4088;30.3350986,59.9342802
4089;44.0257850,56.3086980
4090;30.1302980,59.5575990
4091;37.4714810,55.6684220
4092;37.8401303,57.2365343
4093;30.1302980,59.5575990
4094;30.3833160,59.8833640
4095;37.6173000,55.7558260
4096;45.1745115,54.2000477
4097;37.5947528,55.8761702
4098;31.9939589,54.7692093
4099;31.9841895,54.7707028
4100;39.6021650,47.2385150
4101;39.7456151,47.1072129
4102;37.4930448,55.9273722
4103;37.8364450,55.6492360
4104;41.1111727,57.2470839
4105;30.4369489,59.8400577
4106;30.3350986,59.9342802
4107;33.9109644,58.3916916
4108;42.0090072,45.0489386
4109;30.4084469,60.0350240
4110;20.5297590,54.7160590
4111;38.7135875,56.3790924
4112;30.3929890,59.9669550
4113;20.4522144,54.7104264
4114;30.3918350,59.9135800
4115;41.7340479,57.1072660
4116;61.4368431,55.1644419
4117;30.4347207,59.8436807
4118;33.9303678,58.3914934
4119;30.4346310,59.9880300
4120;39.8978052,59.2180665
4121;37.8608944,57.2265143
4122;44.8022870,41.7220863
4123;65.5250172,57.1612975
4124;42.0986928,57.4684482
4125;40.4076245,56.1542951
4126;40.6331171,46.5668217
4127;-99.128933,19.373176
4128;39.611552,47.234812
4129;38.8412784,56.7301870
4130;41.7167823,57.0990639
4131;39.8511380,57.6486570
4132;35.9348650,56.8412280
4133;37.6185301,55.4492328
4134;-99.165065,19.416829
4135;-99.154109,19.428973
4136;30.2858374,59.9097927
4137;30.1307810,59.9952730
4138;30.328704,59.894641
4139;45.023224,53.229418
4140;40.9698928,57.7774816
4141;37.6173000,55.7558260
4142;-74.113225,4.741494
4143;-75.475140,5.069578
4144;42.1515866,57.4426964
4145;82.9357327,55.0083526
4146;60.6057025,56.8389261
4149;41.9852847,45.0614430
4150;40.2182223,47.7105702
4151;40.2182223,47.7105702
4152;40.2182223,47.7105702
4153;39.8659500,57.5950820
4154;135.0662599,48.5027313
4155;36.1562241,51.7091957
4156;43.8700260,56.3035300
4157;30.3592160,59.8313130
4158;39.9476814,57.5640484
4159;38.4327201,55.8140979
4160;30.2541651,59.8976461
4161;38.7802433,58.0479597
4162;39.8844708,57.6260744
4163;42.1068739,57.4417860
4164;39.8844708,57.6260744
4165;34.1735750,60.9105209
4166;39.0769925,45.0004573
4167;41.0080084,56.9854737
4168;158.6265712,53.0616529
4169;30.3863510,59.9076552
4170;30.3350986,59.9342802
4171;30.4341860,59.9452400
4172;41.3226311,56.3567690
4173;30.3834244,59.8348451
4174;60.5755511,56.7478945
4176;30.3179240,60.0261050
4177;39.8844708,57.6260744
4178;40.2355138,47.7236224
4179;30.6172020,59.7570460
4180;57.502757, 42.106267
4181;40.8951918,57.7206590
4182;30.5714266,56.3537604
4183;40.8951918,57.7206590
4184;30.3350986,59.9342802
4185;42.1872305,47.5302596
4186;37.9132708,59.1537184
4187;57.1903905,65.1383492
4188;38.3452349,57.5358899
4189;38.3433570,57.5267388
4190;40.2589364,47.4136138
4191;40.2589364,47.4136138
4192;39.7770103,47.1263930
4193;41.0216950,57.0352930
4194;-74.041667,4.947222
4195;39.7457193,47.3041762
4196;39.7457193,47.3041762
4197;40.1455190,47.7111320
4198;37.5247330,56.7298900
4199;35.9175965,56.8587214
4200;39.6913890,47.2953204
4201;40.4140019,56.1700947
4202;36.4709969,50.7868019
4203;60.2158834,59.7650618
4204;37.7533377,50.7106926
4205;39.8844708,57.6260744
4206;40.9651560,56.9728440
4207;41.0126979,56.9937129
4208;84.9923200,56.4706189
4209;40.3937410,56.1478540
4210;43.0396360,44.0498933
4211;39.8426870,57.6553490
4212;30.4561300,59.9617950
4213;30.279545,59.848688
4214;53.2089178,56.8789461
4216;61.3962723,55.1963983
4217;30.3371321,59.8914245
4218;37.5921650,55.8736620
4219;40.3805800,56.1505500
4220;30.4685712,59.9564489
4222;41.2984979,57.3791260
4223;34.2885689,61.8055526
4224;37.5207430,55.9022760
4225;32.1934020,52.3808581
4226;50.8339029,61.6478508
4227;42.0457001,44.1915115
4228;42.0457001,44.1915115
4229;38.6477250,55.7870150
4230;29.871771,59.856585
4231;30.3995150,60.0418250
4232;30.3995150,60.0418250
4233;40.9766453,57.0050671
4234;40.9686030,57.7784990
4235;30.3647650,59.8606043
4236;39.8962561,59.2457264
4237;34.9690756,57.0359338
4238;39.8430120,57.6659714
4239;38.8116968,58.0574860
4240;30.4145121,59.9423672
4241;39.8844708,57.6260744
4242;38.8999544,55.5777150
4244;40.9698928,57.7774816
4245;47.1451332,61.3115721
4246;39.9377447,47.7688151
4247;41.7956828,48.3573459
4248;38.8902603,56.7470480
4249;30.1917067,61.5212001
4250;37.8772060,56.0502620
4251;39.8844708,57.6260744
4252;34.1577149,59.5196213
4253;39.1531370,51.6641360
4254;40.9787070,57.7811090
4255;36.7378162,55.3946756
4256;28.760274,60.711916
4257;36.2888240,54.4990290
4258;37.7627330,55.7570630
4259;38.244404,55.568349
4260;38.0315380,55.6171110
4262;30.4480695,59.9527084
4263;39.3975909,57.1929144
4264;30.3302938,59.8836036
4265;39.8688894,47.2704544
4266;60.6142660,56.7727780
4267;36.1344300,51.7568264
4268;59.0016233,53.4129429
4270;30.3160980,59.8614030
4272;59.0016233,53.4129429
4273;37.6234961,54.1647455
4274;30.3816819,59.8812714
4275;33.9418851,58.3944799
4276;39.8623640,57.6585500
4277;41.0376410,56.9885190
4278;34.3456930,61.7767280
4279;39.886991,57.595668
4280;41.7340479,57.1072660
4281;40.9698928,57.7774816
4282;41.0386370,56.9937580
4283;29.8980962,58.7255576
4284;65.5250172,57.1612975
4285;65.5250172,57.1612975
4286;39.6156290,47.2371550
4287;37.5760710,55.8459120
4288;37.5071010,55.8968627
4289;30.6644348,61.6814287
4290;37.8025012,55.6575421
4292;39.0403252,46.5435054
4294;40.5397375,56.8589886
4295;38.2702941,46.6825784
4296;57.749402, 40.980044
4297;35.8635221,56.8615701
4298;39.8254340,59.2050890
4299;39.8978052,59.2180665
4300;60.6057025,56.8389261
4301;30.3895090,59.8591530
4302;42.1097724,61.0695214
4303;40.9766453,57.0050671
4304;39.7647039,54.6191379
4305;39.8844708,57.6260744
4306;38.7120370,56.3947309
4307;41.7033737,57.0941925
4308;37.280543,45.000243
4309;37.3186871,44.9407852
4310;40.9766453,57.0050671
4311;31.2611840,58.5520560
4312;30.5162288,56.3295068
4313;39.2191479,45.2249000
4314;46.6618007,61.2468493
4315;30.3350986,59.9342802
4316;44.1791772,44.7870555
4317;39.6486900,46.5691760
4318;39.6308040,47.2057990
4319;38.8600614,47.5752419
4321;38.2757009,46.6870612
4322;40.1253020,45.8503960
4323;38.9459024,45.6119508
4324;40.9807220,57.7713880
4325;37.8297092,55.8069075
4326;30.2949929,59.9997532
4327;40.1638176,47.7111288
4328;30.3350986,59.9342802
4329;101.6130540,56.1738063
4330;101.7488551,56.3195133
4331;41.5094068,46.4693702
4332;132.0064506,43.1737387
4333;37.9091811,59.1323330
4334;34.3589901,61.7895847
4335;30.4286500,60.0233060
4336;40.9766453,57.0050671
4337;61.3699262,55.2251915
4338;40.1556603,45.8558204
4339;40.5440100,45.4167270
4340;34.3640396,61.7781617
4341;30.2293150,60.0261700
4342;49.9885606,58.5540671
4343;41.9177652,57.2200622
4344;30.7081861,61.7106480
4345;30.2946534,59.9656390
4346; -0.550118,38.348525
4347;30.3834244,59.8348451
4348;30.5124841,59.8587922
4349;30.3350986,59.9342802
4350;30.4561300,59.9617950
4352;39.8698790,57.6353320
4353;39.8502060,64.5435040
4354;46.4870606,43.2105749
4355;37.9705420,59.1154990
4356;39.807681,47.235581
4357;40.5311845,56.1940532
4358;39.8693570,59.2249580
4359;73.3845471,61.2559503
4360;30.6879017,61.7045424
4361;40.9668070,57.7645800
4362;39.8502060,64.5435040
4363;39.6146580,47.2499150
4364;30.3724290,59.9648680
4365;41.0281610,56.9621180
4366;38.9169065,47.2360658
4367;59.9523517,56.9074220
4368;33.6044944,45.1338707
4369;37.9220240,59.1380530
4370;37.3730660,55.7244160
4371;40.6074985,64.5321415
4372;30.2441857,59.9850090
4373;39.7671744,57.6447057
4374;37.6281809,55.4450945
4375;39.0109010,45.0109919
4376;39.8718130,57.6339923
4377;37.6615841,55.7267274
4378;41.2914960,56.3479590
4379;43.8997030,56.3167070
4381;30.1316671,61.0222218
4383;40.3941683,56.1691665
4384;30.4244799,59.8661529
4385;60.6057025,56.8389261
4386;36.9944656,45.2870669
4387;39.8844708,57.6260744
4388;34.1113600,44.9411850
4390;50.1676584,53.1837685
4391;61.4368431,55.1644419
4392;39.7015050,47.2357137
4393;35.9519589,59.3988929
4394;35.9519589,59.3988929
4395;33.0927570,69.0173960
4396;37.6059420,55.8521050
4397;30.3350986,59.9342802
4398;30.4553530,59.8598210
4399;37.4072920,54.9430049
4400;34.2917506,53.3118025
4401;32.0863490,54.7841170
4402;30.2843285,59.9053815
4403;36.0799240,52.9900340
4404;37.9091811,59.1323330
4405;33.7894387,45.9560344
4406;39.9341063,47.7560583
4407;39.5967378,47.2378444
4408;39.6321582,46.5600955
4409;38.4410290,55.7916790
4410;33.1024151,68.9380119
4411;30.3863510,59.9076552
4412;38.8827665,58.0373297
4413;39.8844708,57.6260744
4414;39.8844708,57.6260744
4415;30.3125270,59.8346599
4416;59.9815210,57.9186860
4417;38.8116968,58.0574860
4418;39.8322669,59.2088160
4419;49.666181,58.575003
4420;40.9766453,57.0050671
4421;36.6923170,55.5785980
4423;38.9549490,55.8118710
4424;-0.329476,39.546112
4425;37.9097269,59.0983430
4426;36.6922878,55.5786223
4427;2.064521,41.355100
4428;37.4057086,54.9223027
4429;29.7402300,59.9187470
4430;55.1004538,51.7666482
4431;39.8844708,57.6260744
4432;41.3226311,56.3567690
4433;41.0058140,57.7775130
4434;30.3183087,59.9868283
4435;40.1309183,45.8693223
4436;40.3842965,56.1488481
4437;39.7015050,47.2357137
4438;42.1127841,61.0553601
4439;39.8688894,47.2704544
4440;40.9698928,57.7774816
4441;30.5629698,59.8003088
4442;60.6057025,56.8389261
4443;40.9766453,57.0050671
4444;76.9305024,43.2572471
4446;42.1794336,47.5060474
4447;36.7304470,56.3333816
4448;38.0172880,55.9236360
4449;34.1024170,44.9521170
4450;30.3350986,59.9342802
4451;40.9647800,56.9657640
4452;40.9647800,56.9657640
4453;34.3589901,61.7895847
4454;36.7821690,56.7187910
4455;30.2995910,59.8941050
4456;39.8430120,57.6659714
4457;32.1132076,54.8153505
4460;34.5474455,57.5894389
4461;38.8388633,57.8991523
4462;37.1398960,56.7285790
4463;30.3754630,59.9665880
4464;41.0124890,49.0371038
4465;42.1758128,57.4413847
4466;50.8334810,61.6744160
4467;41.3378439,56.3426020
4470;30.3749420,59.8855560
4471;33.5303183,59.6493543
4472;39.3802112,56.3100637
4474;36.2142050,55.6918756
4475;39.6297330,47.2373440
4476;39.270616,51.694571
4477;36.9776171,56.1852039
4478;39.7015050,47.2357137
4479;40.0748052,44.6212725
4480;41.0410735,56.9826700
4481;38.8676013,47.2416334
4482;35.9847527,56.8120981
4483;38.6994469,56.4041819
4484;30.3350986,59.9342802
4486;30.7980969,59.7681179
4487;37.9095828,59.0977082
4488;37.3186871,44.9407852
4489;38.9204498,55.5739183
4490;39.7125857,54.6095418
4491;41.7032630,46.7043571
4492;60.6057025,56.8389261
4493;30.3109120,59.8955816
4494;34.9690756,57.0359338
4495;38.1443400,54.8302299
4496;28.7698001,60.7077929
4497;40.9698928,57.7774816
4498;49.1242438,55.7954332
4499;28.3156830,57.8185790
4500;37.7286370,55.7013690
4501;30.2580659,59.9756794
4502;30.2128601,59.8469852
4503;39.7139940,47.2305730
4504;39.8877880,57.5768050
4505;39.7015050,47.2357137
4506;39.7015050,47.2357137
4507;37.6830130,55.7156530
4508;40.9766453,57.0050671
4509;65.5250172,57.1612975
4510;30.3287040,59.8946410
4511;40.4385630,56.1420000
4512;43.8307805,56.3625270
4513;30.3054840,59.7328974
4514;30.3883490,59.8890250
4515;39.0405159,46.5333073
4516;30.2995910,59.8941050
4517;39.9609068,57.6396987
4518;30.4078340,60.0357210
4519;40.9282297,57.0159029
4520;30.3217477,59.9806700
4521;42.8132057,44.0154738
4522;37.6215062,55.6863430
4523;30.3485161,59.921968
4524;38.2831480,55.8298990
4525;39.8791330,57.6126660
4526;37.6173000,55.7558260
4527;39.5855927,47.2462617
4528;37.4072920,54.9430049
4529;39.8378630,57.6726120
4530;33.9321031,68.8873676
4531;30.3350986,59.9342802
4532;30.3984670,59.8762965
4533;30.3350986,59.9342802
4534;45.1745115,54.2000477
4535;42.1600760,47.5025754
4536;35.5097112,56.0356676
4537;30.3350986,59.9342802
4538;41.1115757,44.9811675
4539;37.6173000,55.7558260
4540;30.3826990,59.9050220
4541;56.150734, 40.379084
4555;30.3161160,59.8535320
4556;37.1135197,58.0527921
4557;47.5065073,56.1036030
4558;40.4872940,56.1743890
4559;39.127152,51.690796
4560;40.9595236,56.9970370
4562;34.3030460,61.7604760
4563;37.7619669,44.7154014
4564;36.2626980,51.7296700
4565;30.3256780,59.8729070
4566;37.5978095,57.3562096
4567;30.5177310,59.8288340
4568;32.9370385,67.9360118
4569;30.8405760,59.5609567
4570;40.5601553,64.5472507
4571;45.9455532,61.5467386
4572;41.7386485,57.0920100
4573;38.9636744,55.8285766
4574;42.1679391,57.4375249
4575;39.7102046,47.2957880
4576;39.8375900,64.5711840
4577;38.2580408,55.5634644
4578;39.0970103,45.1221341
4579;42.1440266,47.5288626
4580;30.0035397,60.0111328
4581;39.3077715,47.0812503
4582;39.3077715,47.0812503
4583;40.9789590,57.7259020
4584;40.2355138,47.7236224
4585;40.9766453,57.0050671
4586;28.8518499,61.1175601
4587;39.8971050,57.6275320
4588;39.8529884,57.6181331
4589;30.1867756,59.8598121
4590;30.3224702,59.8443411
4591;40.551288,64.561802
4592;46.6975122,61.2537480
4595;39.6475902,47.2448434
4596;37.6173000,55.7558260
4597;43.9360589,56.2965039
4598;37.8949520,55.7522450
4599;60.6057025,56.8389261
4600;39.58358,47.243744
4601;41.5244425,46.4606923
4602;37.4487570,55.8226790
4603;34.0843123,44.9850289
4604;28.6043387,59.3759603
4605;73.3891010,54.9575453
4606;37.5439220,56.3665440
4607;30.3871539,59.8909449
4608;30.3818104,59.8820204
4609;30.2717315,59.8847204
4610;30.3350986,59.9342802
4611;2.397048,41.642012
4613;37.5457647,55.4312453
4614;30.2441857,59.9850090
4615;38.8394660,58.0486260
4616;30.2682357,59.9354863
4617;2.274416,41.585936
4618;49.1354450,55.7698123
4619;41.9210103,57.2120913
4620;37.5358189,55.6569640
4621;37.8598066,55.7451227
4622;43.8700260,56.3035300
4623;37.8500910,55.7371300
4624;37.7659486,55.6674374
4625;38.2078062,55.8658670
4626;39.9420887,47.7669758
4627;37.42129,55.824492
4628;39.5981225,52.6121996
4629;30.8699130,59.5458760
4630;56.4431019,40.4536943
4633;41.9332662,57.2039003
4634;40.9842270,56.9591660
4635;39.0323223,55.3851413
4636;38.1976624,55.8683129
4637;55.056780,51.805456
4638;41.0419896,46.5292206
4639;40.3183746,57.4356670
4640;113.7930667,51.7759426
4641;36.0825640,52.9747409
4642;52.4231105,55.7424958
4643;30.3985047,59.9029820
4644;37.6986030,55.8571610
4645;39.5923346,52.5357106
4646;38.2107573,56.3861228
4647;56.1689261,57.9057909
4648;37.4944190,55.9237880
4649;63.0632053,57.6680135
4650;30.3217477,59.9806700
4651;30.4397320,59.9671470
4652;37.6444012,54.1982548
4653;63.0632053,57.6680135
4654;65.5250172,57.1612975
4655;38.7332062,56.3925637
4656;42.0591708,44.2273974
4657;37.1668974,56.7320202
4658;41.9267995,45.0698208
4659;41.9828360,45.0325620
4660;40.1449289,45.8657127
4661;40.1513085,46.8807009
4662;38.9859030,45.0968281
4664;39.0472312,55.3798178
4665;-0.679340,37.984827
4666;33.4357620,49.0873892
4668;38.1499730,54.8214310
4671;-46.981703,-22.978836
4672;39.62385,47.258941
4673;-1.106329,38.011538
4674;39.62385,47.258941
4675;-75.568716,6.224725
4676;30.3999710,60.0330970
4677;30.3252495,59.9146228
4678;-58.414619,-34.705511
4679;37.6111500,54.2501140
4680;44.2571649,46.3388846
4681;40.2980064,48.3043582
4682;39.6021650,47.2385150
4683;30.3718273,59.9756803
4684;-3.529857,39.460071
4685;40.9531075,57.0121516
4686;40.9558510,57.0097390
4687;40.9558510,57.0097390
4689;2.780382,41.680526
4690;30.3389190,59.8462800
4693;40.4520979,56.1725588
4694;34.2833850,55.2137170
4695;37.2805850,55.9861280
4696;30.1201490,59.5756430
4697;37.4181740,55.8864150
4698;61.403544,55.25384
4699;38.8902603,56.7470480
4700;40.2263740,47.7248310
4701;39.5215170,57.8601180
4702;29.0856478,59.8696729
4703;40.0726784,47.4177687
4704;39.8823546,57.5846907
4705;39.0323223,55.3851413
4706;52.3721038,55.7185054
4707;60.6057025,56.8389261
4708;30.4431919,59.8472211
4709;30.4868318,59.9141661
4710;30.3350986,59.9342802
4711;30.0713297,59.3609098
4712;37.6173000,55.7558260
4713;30.4431919,59.8472211
4714;34.5098300,58.8936061
4715;60.5592468,58.0411092
4716;39.9077031,47.7673615
4718;30.3688100,60.0464780
4719;30.3361756,59.9909427
4720;41.3820743,56.8468418
4721;42.4856523,47.1530878
4722;65.3249930,55.4778540
4723;40.9782910,57.7466040
4724;38.9997417,45.1520691
4725;39.8893920,57.6113090
4726;35.8793850,56.8625220
4727;38.8562992,47.577946
4728;39.7055977,45.6415289
4729;37.285905,55.671255
4730;39.8844708,57.6260744
4731;30.516993,59.832565
4733;30.3833160,59.8833640
4734;37.9091811,59.1323330
4735;34.3052198,56.2721699
4736;39.8844708,57.6260744
4737;30.2977620,59.8410250
4738;37.6259300,54.1655102
4739;30.1673723,59.6149651
4740;30.1673723,59.6149651
4741;63.6446230,56.0918990
4742;37.6367407,54.1570907
4743;35.8377671,56.8875455
4744;31.2509970,58.5836980
4745;45.1745115,54.2000477
4746;37.8366661,55.9991272
4747;39.5842815,47.2434662
4748;20.4950785,54.7110325
4749;56.3005420,58.0131730
4750;39.2695628,57.0073220
4751;30.4302872,59.9748147
4752;30.3350986,59.9342802
4753;39.8403642,47.2805744
4754;30.3995477,59.9178055
4755;39.0640487,45.0337162
4756;30.1100348,60.0180759
4757;30.3899746,59.7076635
4758;30.3344810,59.8945560
4759;38.9479121,45.0527041
4760;39.8220466,57.6554454
4761;37.3894370,55.8520270
4762;37.5300696,55.8993095
4763;30.3350986,59.9342802
4764;37.6173000,55.7558260
4766;38.621835,56.597209
4767;37.9427119,59.1920080
4769;32.8919562,67.9431340
4770;32.4229656,67.1700511
4771;40.9766453,57.0050671
4772;48.0061330,46.3756952
4773;38.0518660,55.8067804
4774;38.0518660,55.8067804
4775;38.8404896,58.0417506
4776;37.3772010,55.7246330
4777;42.1490891,57.4429309
4778;30.3350986,59.9342802
4779;38.8116968,58.0574860
4780;37.594804,55.602672
4781;41.5997971,58.1514399
4782;41.0152470,56.9690000
4783;40.9688284,57.0282971
4784;40.2445448,48.3102990
4785;38.8902603,56.7470480
4786;39.8567310,47.2615298
4787;60.6057025,56.8389261
4788;30.3350986,59.9342802
4789;37.4974730,55.9170420
4790;44.0506354,56.2657095
4791;30.3350986,59.9342802
4792;39.610858,47.254834
4793;41.4830084,57.1056854
4794;39.7216720,54.6361670
4795;37.7118470,55.6054350
4796;30.1027060,59.5525370
4797;30.1407990,59.5703190
4798;37.5476850,56.3678990
4799;39.0686084,55.3753828
4800;59.9642289,57.9110402
4801;30.2553730,59.8689770
4802;37.4636319,55.8636090
4803;39.9046880,57.7063404
4804;80.2343778,50.4289304
4805;39.4131527,57.1956230
4806;40.3884050,56.1280280
4807;60.7137070,56.7531750
4810;40.4230503,56.1457536
4811;40.8603101,57.7282538
4812;-82.483520,27.272106
4815;28.831802,41.058435
4816;29.023375,41.119560
4817;28.8961400,40.9906350
4818;37.9931095,57.0463396
4819;32.6503510,39.9310354
4820;38.9872210,45.0392674
4821;39.7015050,47.2357137
4822;42.1794336,47.5060474
4823;30.1815860,59.7894890
4824;17.8948326,51.2922684
4825;37.4919770,55.6682720
4826;40.9215730,57.0038010
4827;42.0858585,57.4712145
4828;142.7514679,46.9507434
4829;28.4208880,57.8014452
4830;-4.9001598,36.5108358
4831;30.3261330,59.9788810
4832;37.8750470,55.6654118
4833;60.7571702,56.7562472
4834;41.8258952,47.6853247
4835;30.3262355,59.8229329
4836;37.7594744,55.5368726
4837;37.6659530,55.7066710
4838;65.4413650,57.1542390
4839;136.9658947,50.5670331
4841;39.9710090,48.3256420
4842;40.4178686,56.1445956
4843;40.2355138,47.7236224
4844;38.7864964,55.0728761
4845;39.8622889,57.6289380
4846;30.3350986,59.9342802
4847;38.6929570,56.3919555
4848;42.0046561,55.5890733
4849;40.9801495,57.7546473
4850;30.3350986,59.9342802
4851;38.2609116,55.5603973
4852;60.64839,56.781591
4853;34.3052394,55.2163044
4854;37.6702579,55.7835930
4855;41.7340479,57.1072660
4856;37.4207350,54.9150030
4858;37.6165911,55.6216780
4859;-3.656683,40.404315
4860;12.132730,45.675244
4861;42.7396114,62.8589367
4862;38.9091820,58.0260840
4863;39.8160759,59.2039740
4864;39.8107469,47.2755116
4865;37.6275800,54.2247780
4866;41.4830084,57.1056854
4868;43.0396360,44.0498933
4870;37.5228923,56.7395643
4871;60.654104,56.859007
4872;37.6307152,55.6338069
1667;37.590260,55.730714
1669;60.649810,56.781296
1670;38.8207720,56.7154536
1671;-82.5294065,27.4081935
1672;39.893822,57.626569
1673;36.012903,52.885241
1674;-118.2821204,33.8620004
1675;5.1726915,51.5387997
1677;36.014865,52.889433
1678;19.6106129,49.3598544
1680;39.8473780,57.5751010
1681;48.250256,54.242647
1682;-2.0035533,52.5311328
1683;-117.6799351,34.0107104
1684;-118.0695049,33.9361343
1687;60.605017,56.738192
1688;60.605017,56.738192
1689;39.8514080,57.6463382
1690;107.6516730,51.8394010
1692;39.0643470,55.3830280
1693;30.2348900,59.9957350
1694;43.8573160,56.2187990
1695;61.3631366,55.2336089
1698;40.9843830,57.7474030
1700;45.1967579,54.1868132
1703;39.0765844,45.0412626
1704;60.5794530,56.8644900
1707;38.9496225,45.0392561
1709;39.8237925,47.2757288
1710;30.3905332,59.8840493
1711;44.4371520,48.6532130
1712;44.4627961,48.6930124
1713;44.5439080,48.5046810
1714;48.0831850,46.3733160
1715;39.5996206,47.2402712
1717;37.6577660,55.7372740
1718;42.1599688,47.4996279
1720;45.3636449,50.0943395
1722;60.6234929,56.8229878
1724;43.5176846,48.6951796
1725;45.9662030,51.6121460
1726;44.2538030,46.3118820
1727;40.3724920,56.1411630
1729;44.0180300,56.2353420
1730;30.4371980,59.7807666
1731;33.8887432,58.4022372
5197;37.6609049,55.8260378
5198;30.3840580,59.8825250
5199;30.2995910,59.8941050
5201;37.6677160,55.7509290
5202;39.7545149,43.6504179
5203;39.0643156,45.0357024
5204;20.4902479,54.7374719
5205;30.3749420,59.8855560
5206;40.9536690,57.0108260
5207;37.5812824,55.4389394
5208;40.0893780,47.4223630
5209;40.5540351,45.4296049
5211;35.9541656,56.0323652
5212;39.8698790,57.6353320
5214;30.3302938,59.8836036
5216;39.8757919,57.5985570
5218;59.0016233,53.4129429
5219;38.0803509,54.9040441
5220;39.9352036,57.5528614
5221;30.1887353,55.1933921
5222;38.4772520,55.8585910
5223;50.8360440,61.6492530
5224;30.3350986,59.9342802
5225;37.6173000,55.7558260
5226;30.3840580,59.8825250
5227;40.7766398,48.1829868
5228;30.3840580,59.8825250
5229;20.4919630,54.7023810
5230;39.8978052,59.2180665
5231;60.0650807,59.9350077
5232;29.8717710,59.8565850
5233;40.9766453,57.0050671
5234;41.92303,44.989458
5235;39.7124650,47.2893760
124;-73.81581,40.796716
125;39.7666137,57.6972594
127;39.846288,57.632741
130;113.9768426,62.5178529
131;39.7987843,57.681765
132;39.7867547,57.6858017
133;39.842946,57.632966
134;39.861016,59.191562
135;39.88003,57.609598
136;39.8718450,57.5973210
137;49.639871,58.600580
138;32.223863,52.719722
139;55.9001261,53.6369775
140;59.0127980,51.3824250
141;39.8444060,59.2093700
142;32.086349,54.784117
143;37.697925,55.7035858
144;37.792901,55.723464
145;49.2910638,53.579753
146;83.720199,53.341124
147;34.3775025,53.2488311
148;56.0647668,54.7863829
149;32.0814070,54.7790720
150;37.5451323,45.2228052
151;39.243603,45.036106
152;39.8645472,57.3063930
153;44.0053015,56.2371430
1135;37.651582,55.752972
1136;65.339249,55.460931
1137;104.314445,52.293361
1138;39.079643,45.013472
1139;48.0697375,46.3589457
1140;104.306666,52.294407
1141;42.107540,56.239613
1143;104.3032051,52.2955438
1151;104.314445,52.293361
1152;36.054396,52.971022
1153;55.157636,51.837875
1154;42.098440,61.074181
1156;55.900273,53.636964
1157;43.500307,56.242189
1159;49.660414,58.603267
1161;56.8351085,59.4177010
1162;59.9815210,57.9186860
1163;60.712018,55.751092
1164;39.8413531,57.6599727
1165;37.345865,60.770000
1167;50.2249429,53.2727049
1168;34.9864970,55.5451288
1169;60.6642712,56.7834317
1170;37.8154389,51.3051031
1171;45.0425960,53.1880669
1172;36.1730749,51.6996197
1173;60.0784906,55.0640659
1178;44.0617096,56.3070297
1179;65.5531308,57.1360382
1180;65.5531308,57.1360382
1181;37.4441599,55.8235290
1183;31.9989940,54.8076590
1184;31.9989940,54.8076590
1187;37.9140159,59.1541640
1190;60.6971760,56.7493530
1191;39.8221280,57.6145890
1192;43.5057582,56.2416836
1193;32.0647940,54.7649060
1194;39.8046780,57.6314820
1195;43.4743771,56.2546389
1196;43.4082354,56.2353620
1198;60.7528951,55.8936265
1200;73.2901462,55.0473972
1201;41.0489444,56.9676883
1202;41.0489444,56.9676883
1203;39.5063298,57.8654775
1206;41.4423062,52.7235980
1207;72.631930,61.094356
1209;37.640324,55.819108
1210;37.6077163,55.8961512
1211;72.5816466,61.0980641
1212;39.8192580,57.6050640
1213;104.2999524,52.3027281
1214;37.6081963,55.9044740
1218;40.9648880,57.7489550
1221;39.8406370,59.2184330
1222;68.344491,58.204441
1223;60.6398230,56.8234210
1224;84.9765029,56.4827030
1225;37.4744230,55.8550720
1226;36.5681490,50.6219340
1227;32.0300470,59.4554990
1228;30.3441709,59.9693528
1230;30.4236430,59.9186920
1234;73.4742809,54.9554234
1235;73.3288937,54.9586984
1237;48.0684810,46.3586840
1238;104.3067210,52.2948460
1245;39.2578991,51.5986125
1247;65.4421620,57.1745990
1250;113.4755161,52.0360248
1251;73.2896850,54.9980450
1252;59.0127980,51.3824250
1253;49.1755489,55.7855860
1254;30.6316301,50.4412990
1255;49.0515768,55.8203343
1256;30.3084520,60.0573750
1257;61.3595756,55.1062381
1259;39.6164801,47.2432423
1260;39.6164801,47.2432423
1261;39.7345570,47.2574140
1263;65.4108709,62.1319257
1264;27.646455,53.932790
1265;37.615304,54.187572
1266;34.416982,53.216313
1267;42.1679466,57.4375263
1268;61.3574742,55.2254345
1269;36.6780773,50.5949105
1270;42.1679466,57.4375263
1271;40.9789650,57.7456300
1272;43.8321702,56.3802751
1273;62.725471,56.849900
1274;34.3055310,61.7992120
1275;39.8583082,57.6163035
1276;39.8825810,57.6402050
1277;34.3055310,61.7992120
1280;65.265816,58.038177
1282;104.2182480,52.2729260
1284;30.2783900,59.9245770
1286;60.4753140,56.9935980
1287;83.6681990,53.3357050
1288;87.1620640,53.7406710
1289;37.8124119,55.7105216
1292;30.4853540,59.8684414
1293;39.6128680,47.2272370
1295;39.4128385,57.1911514
1296;39.8478388,57.3041602
1297;38.8303294,56.7211205
1298;38.8294190,56.7206853
1299;39.5371991,57.3058339
1300;47.2504410,56.1211870
1301;30.3255150,59.8548100
1302;30.3003802,59.9032414
1303;40.4921060,56.1744250
1304;40.4496290,56.1725090
1305;30.3460310,59.8314700
1306;30.3985047,59.9029820
1309;30.418581,59.860667
1311;40.9786410,57.7619120
1312;39.8639698,57.6103242
1313;40.9330684,57.7624261
1314;43.5046680,56.2429210
1315;39.8556524,57.3048648
1317;37.6585180,55.6738980
1318;41.3123460,56.3748210
1320;27.438592,53.885665
1322;30.4010077,59.9169428
1323;30.2769150,60.0746180
1324;30.3431170,60.0123760
1325;30.2459110,59.8665740
1326;38.8685728,56.7571955
1328;38.3279996,57.5339731
1329;62.022025,56.898884
1332;43.8915570,56.2591270
1334;39.067415,55.368902
1335;38.137385,59.331986
1336;53.2021809,56.8138367
1337;53.2021809,56.8138367
1338;53.1999580,56.8232380
1339;40.9533423,57.0126601
1340;40.5773582,57.4572354
1341;40.5773582,57.4572354
1342;40.5773582,57.4572354
1343;40.9934806,56.9897612
1344;44.0617096,56.3070297
1347;37.6259300,54.1655102
1350;86.0612858,55.3388979
1352;34.3731280,53.2831050
1353;40.9439830,57.7748520
1355;30.3564470,59.9094120
1356;60.6101640,56.9175770
1358;60.6101640,56.9175770
1360;47.2853170,56.1173044
1362;91.4293172,53.7175644
1363;59.9575745,56.9094826
1365;44.7799791,48.7962309
1366;37.7679104,44.7010807
1367;38.9454769,45.0526470
1368;39.8721790,57.6381730
1369;43.814537,55.408695
1370;30.4490630,59.8888580
1371;28.7758230,60.7043800
1372;30.3819360,59.8792910
1373;37.8993210,59.1331550
1374;37.9718758,59.1298135
1375;37.9184845,59.1514218
1377;73.4612860,61.2599420
1378;39.844815,57.637973
1379;92.8622524,56.0407950
1381;37.6140550,54.2008410
1382;27.6028085,53.8794040
1386;25.473613,42.974869
1387;30.4850001,59.9450165
1389;65.283437,55.428250
1390;43.9950984,56.2970990
1393;39.9357020,59.2261909
1394;39.9211301,59.1983461
1395;39.8633590,59.2063130
1398;37.9708269,59.1343589
1399;40.0702755,44.6213289
1400;34.5730670,57.5729768
1401;61.6802622,57.9858802
1410;86.1319993,55.3249126
1411;61.6802622,57.9858802
1413;30.4285210,59.9454540
1415;35.7953032,56.8429918
1416;30.4151701,59.9387040
1417;30.3230630,59.9805650
1418;30.2350670,59.9982320
1419;30.4309500,59.9456970
1420;30.4911860,59.8890430
1421;30.3577630,59.9171810
1422;30.3513300,59.8731670
1423;30.4309620,60.0189200
1424;30.3273250,59.9945350
1425;30.3350986,59.9342802
1426;30.4752060,59.7618970
1427;30.4309500,59.9456970
1429;86.0623044,55.3450231
1430;61.4574275,57.0114203
1431;73.4361240,54.9167970
1432;61.4727802,57.0141406
1433;61.4515537,57.0054284
1434;30.6186370,59.7564840
1435;30.6186370,59.7564840
1436;30.6186370,59.7564840
1441;30.4546880,59.9227900
1522;39.8089456,54.6165505
1524;60.7097968,56.7548153
1525;30.4010829,59.8393124
1526;49.2803947,53.5748074
1527;49.3182190,53.5247630
1528;49.3968192,53.5296004
1530;50.252254,53.458757
1531;48.2873310,54.2922961
1532;56.0893673,54.8916298
1533;55.1097743,51.8351497
1534;55.1082282,51.8273211
1535;50.2441460,53.1878500
1536;40.4672510,56.1734870
1538;30.3917490,59.8827950
1539;49.4872260,53.4818140
1540;60.4950080,56.8200840
1541;36.0997410,51.6520840
1542;40.9766453,57.0050671
1543;40.9861060,57.7804670
1545;39.289418,56.929729
1546;39.6564456,54.6740762
1547;60.590943,56.838809
1548;63.636157,56.068025
1551;60.6483900,56.7815910
1552;59.9397390,57.8859560
1553;43.9863595,56.2897500
1555;60.5761252,56.8209564
1443;46.5962544,57.6706677
1444;40.5137183,56.8552275
1446;40.9827860,56.9636510
1447;18.013508,53.100539
1449;40.9698928,57.7774816
1455;30.4790840,59.8843940
1456;30.3626933,59.8328894
1457;37.4680870,55.6919790
1458;30.8799670,59.7918940
1459;30.1909690,59.8245980
1461;36.0814210,52.9711440
1462;36.6329070,55.0894900
1468;35.0140953,57.8754116
3558;37.3739890,55.7260380
3559;32.1022547,54.7705931
3560;37.6173000,55.7558260
3561;69.6420415,42.3244075
3563;43.9360589,56.2965039
3564;36.1615370,51.6983970
3565;37.4127320,55.9053310
3566;43.9360589,56.2965039
3567;60.1034961,55.0506795
3569;40.9616895,57.7647718
3570;40.9698928,57.7774816
3571;37.6725387,55.6461511
3576;30.1064659,59.5624627
3577;39.6115520,47.2348120
3578;40.1639750,47.7106850
3579;37.8343316,55.8252126
3580;27.6194626,53.8721032
3581;38.2490769,55.5612548
3582;38.2490769,55.5612548
3583;61.3611592,55.2084135
3587;40.9766453,57.0050671
3588;38.9168210,45.0580349
3589;52.3721038,55.7185054
3590;27.6230782,53.9295503
3591;30.3350986,59.9342802
3592;42.0983621,61.0742018
3593;37.3739890,55.7260380
3594;37.3739890,55.7260380
3595;37.3739890,55.7260380
3596;37.3739890,55.7260380
3597;37.3739890,55.7260380
3598;37.3739890,55.7260380
3599;37.3739890,55.7260380
3600;32.0215540,54.7679510
3601;71.4489640,51.1681384
3602;39.6115520,47.2348120
3603;40.4151790,56.1444320
3604;41.9746486,57.2371192
3605;39.8844708,57.6260744
3609;27.5998549,53.9467870
3611;39.9128792,57.6434661
3612;76.9627322,43.2509278
3614;40.0786299,56.0485288
3615;37.6029659,55.8099359
3616;76.8983327,43.1966258
3617;61.3016170,55.1711100
3618;27.5615244,53.9045398
3619;27.6990411,53.9195025
3621;66.9236840,48.0195730
3622;30.2009332,55.1739372
3623;39.7216720,54.6361670
3625;39.8844708,57.6260744
3627;73.1093826,49.8046835
3631;73.0979463,49.8203015
3632;69.6069431,42.3310449
3633;60.6057025,56.8389261
3634;37.6472930,55.8292850
3635;35.9175965,56.8587214
3637;36.9646199,56.1870410
3638;27.6775914,53.9058432
3639;35.9573132,56.0363252
3640;30.3350986,59.9342802
3641;35.8811770,56.8259330
3642;35.9395924,56.8437532
3643;35.8218100,56.8427080
3644;35.8486590,56.8508600
3645;35.9275477,56.8806789
3646;36.7848104,56.7210925
3647;27.5970242,53.9116777
3648;66.9236840,48.0195730
3649;66.9236840,48.0195730
3650;66.9236840,48.0195730
3651;30.1315580,61.0207062
3652;30.1315580,61.0207062
3653;73.3242362,54.9884804
3654;59.0399711,53.3990602
3655;60.3856170,54.9810702
3658;52.3721038,55.7185054
3659;60.1068888,55.0427707
3660;42.3493848,58.3750411
3661;42.3493848,58.3750411
3662;9.5017850,56.2639200
3663;38.8388633,57.8991523
3664;27.5093984,53.9069649
3666;40.5773582,57.4572354
3667;34.9908330,55.5626451
3668;49.1389380,55.8284760
3670;35.7943620,56.8429260
3671;27.4620920,53.8442686
3672;35.9175965,56.8587214
3673;37.6295900,55.6421820
3674;41.0784495,56.9338742
3675;39.8395550,57.6711310
3676;37.6173000,55.7558260
3678;43.8625649,56.2975990
3679;39.8487620,57.6320030
3680;29.9268868,56.0144648
3683;35.9175965,56.8587214
3684;30.1341099,61.0390194
3687;41.9098812,57.1983725
3690;-0.469950,39.448274
3691;41.9098812,57.1983725
3692;127.4801721,54.6035065
3693;39.6415170,47.2565340
3696;41.4830084,57.1056854
3697;37.2494879,55.9823949
3698;30.3141762,59.9881153
3699;60.6057025,56.8389261
3700;36.1153440,52.9932718
3702;46.0436150,51.5557840
3703;124.7058164,56.6614269
3704;27.5953066,53.9092333
3705;36.0319695,52.9407545
3707;30.3354653,59.8844909
3710;27.4525692,53.9070933
3711;41.0010059,56.9556250
3712;40.9865290,56.9939020
3713;39.8675659,57.5944050
3714;39.8042424,57.6754571
3715;38.8582180,58.0305040
3716;33.4376430,44.5470350
3718;39.5942969,47.2420524
3720;46.6618007,61.2468493
3726;27.4497372,53.9061432
3728;41.9230300,44.9894580
3729;37.9370390,59.1509030
3730;41.9173848,57.2147632
3731;39.5943440,47.2428230
3732;40.3018480,46.8501440
3733;39.6327040,47.1918206
3736;38.1802745,56.4917328
3739;-3.4359730,55.3780510
3740;52.3602101,55.6913658
3744;35.5265673,56.0364297
3747;34.1456301,44.9536905
3748;30.3350986,59.9342802
3751;43.4351804,56.2440992
3752;32.2420574,52.7184389
3756;32.2566693,52.7566164
3757;38.7891649,58.0402310
3760;37.5288416,56.3427702
3762;37.2021514,55.9871526
3763;34.0607617,44.9382955
3764;61.3599569,55.2386109
3766;63.6850141,58.0412960
3767;42.0991053,61.0637658
3768;40.5601553,64.5472507
3770;19.1451360,51.9194380
3771;50.8006569,61.6725997
3780;38.9401831,55.7921742
3781;39.8205610,57.6541400
3782;38.8827665,58.0373297
3786;50.7967359,61.6537645
3787;69.4047872,53.2948229
3795;37.6888409,55.7052888
3796;30.6106121,64.5937182
3799;45.9540031,51.5886601
3800;46.0103600,51.5671920
3801;46.0589842,51.5325441
3802;46.0115451,51.5394170
3803;46.0058937,51.6100342
3804;45.9834964,51.5127999
3811;30.3398800,59.9885320
3812;30.4703280,59.9673930
3813;30.3917490,59.8827950
3816;40.4178686,56.1445956
3817;46.6618007,61.2468493
3818;55.9720554,54.7387621
3819;40.1535332,56.4757583
3820;37.8890422,55.9669546
3822;37.6219020,55.6158350
3824;43.4685680,56.2569120
3825;37.8322381,57.2396001
3826;83.7697832,53.3547792
3827;37.5095894,56.3332341
3828;38.9702093,55.8350370
3829;39.7587450,54.6377730
3830;45.9798167,51.5563789
3831;38.2857709,55.4170969
3832;37.3733675,56.8486488
3833;36.2850973,54.5518584
3834;39.9475760,59.1986150
3835;53.4895394,54.4772015
3836;36.2399577,54.5135521
3837;39.6351270,54.6270540
3838;47.9073650,56.6383325
3839;99.0248359,54.9019282
3841;36.1411850,51.7117560
3842;37.6173000,55.7558260
3843;37.6915050,55.7068899
3844;37.6489003,55.7387699
3845;49.6667983,58.6035321
3846;31.2605800,58.5331610
3848;65.5250172,57.1612975
3849;52.2613248,52.7732825
3850;37.8518552,55.9316797
3851;73.3242362,54.9884804
3852;40.5601553,64.5472507
3853;38.1568820,55.9257979
3854;84.9924506,56.5010397
3855;52.3721038,55.7185054
3856;61.3033780,55.1718100
3858;61.4368431,55.1644419
3859;61.3681768,55.2257249
3860;29.0940090,56.7708599
3861;39.5981225,52.6121996
3862;30.3833160,59.8833640
3863;36.0624898,52.9668468
3864;38.7695491,55.0725630
3865;36.2952344,54.5285988
3866;37.7786599,55.7264999
3869;68.2672500,58.2267810
3870;39.5810740,47.2396660
3871;34.3613537,61.7930269
3874;40.4178686,56.1445956
3875;39.5220722,50.2035253
3877;32.0568337,54.7904221
3878;65.5888981,57.1245522
3879;35.9175965,56.8587214
3880;40.9558510,57.0097390
3881;58.4478850,54.8246707
3882;40.9698928,57.7774816
3883;37.6639410,55.7358260
3885;39.8844708,57.6260744
3886;39.4937988,47.2844915
3887;39.7056786,47.2440200
3888;27.797942,53.801667
3890;39.8580417,57.6182726
3891;37.5311610,55.8541850
3892;39.8762210,57.6461351
3893;40.8690610,57.7314510
3894;90.4720588,56.0018035
3895;59.9947910,57.8981470
3896;44.4991029,40.1791857
3897;57.749402, 40.980044
3898;34.3296300,53.2589020
3899;47.1610970,61.3125573
3903;86.6497580,54.0055243
3904;86.6497580,54.0055243
3905;49.6040260,58.6343772
3906;34.0894288,44.8935520
3907;30.3636573,59.8979649
3908;46.5160420,61.2774580
3909;39.8978052,59.2180665
3910;32.0503663,54.7903112
3911;36.0352726,52.9445362
3912;38.5048669,52.6170992
3913;39.8844708,57.6260744
3914;40.5601553,64.5472507
3916;37.7601574,55.5171745
3917;39.8844708,57.6260744
3918;28.3344734,57.8166994
3919;36.5900975,53.2856464
3920;33.1097098,68.9830755
3922;42.0841882,57.4696399
3923;39.8844708,57.6260744
3924;41.3863147,56.8353728
3926;38.1443400,54.8302299
3929;36.0377147,52.9426548
3930;40.9698928,57.7774816
3931;40.2189310,56.0840590
3932;40.9424930,57.7789820
3933;38.8116968,58.0574860
3934;31.2701970,58.5543794
3935;37.8298100,55.8147890
3936;60.6573137,56.8578651
3937;41.3027810,56.3628100
3938;42.1159511,57.4426249
3941;38.4503218,57.7868036
1767;10.7522454,59.9138688
1769;30.3269863,59.8521331
1770;49.6653134,58.6262152
1771;30.3450121,60.0662069
1772;30.3917490,59.8827950
1773;104.2872549,52.2395659
1775;29.8446941,58.7333678
1776;30.3350986,59.9342802
1778;15.8477575,50.2108356
1779;30.3950065,60.0411061
1780;30.3174310,60.0252630
1781;30.3350986,59.9342802
1782;30.2027710,59.8575110
1783;30.6183302,59.7561467
1784;30.3950065,60.0411061
1785;30.3174310,60.0252630
1786;30.2027710,59.8575110
1787;30.6183302,59.7561467
1788;30.3315000,60.0621700
1789;65.6115290,57.1554300
1791;60.6694812,56.8378360
1792;37.4587379,55.8423350
1793;39.7295110,43.5963860
1795;39.8844708,57.6260744
1796;60.5153274,56.7905147
1797;60.5153274,56.7905147
1799;33.5410320,59.6443858
1800;7.4066120,47.7138890
1801;30.3350986,59.9342802
1802;30.3350986,59.9342802
1803;24.7535746,59.4369608
1804;30.3350986,59.9342802
1808;30.3350986,59.9342802
1810;30.3646931,59.8764542
1811;30.3350986,59.9342802
1812;30.3350986,59.9342802
1813;41.4653750,52.7430110
1814;30.3580945,60.0563330
1815;4.4699360,50.5038870
1816;65.6127130,57.1180270
1817;30.2710236,59.9983942
1818;30.3340450,60.0294680
1820;30.2760130,59.9979980
1822;36.7558078,56.3254833
1823;61.4529442,56.7707828
1824;37.8377350,55.7458830
1825;39.8210581,57.6739272
1826;37.5467952,55.9543373
1827;37.5467952,55.9543373
1828;39.6412855,47.2292533
1829;40.4200927,48.9288513
1830;37.6760040,55.8867900
1831;64.0479073,51.5077096
1833;39.1822180,45.1329663
1834;38.9082399,47.2162362
1835;38.9571494,45.6153579
1836;39.6231409,47.2372860
1837;39.7378477,47.1397610
1838;39.6310327,47.1951449
1839;12.0709365,57.5135643
1841;39.6235430,47.1913690
1842;39.9434012,47.7665370
1843;38.9535749,45.6068947
1844;38.6609821,46.6217603
1845;60.7324950,56.7519280
1846;38.9620420,45.6055196
1847;39.7842396,47.1258017
1848;40.5961393,64.5327158
1849;34.1024170,44.9521170
1850;33.5216401,44.5855765
1851;40.0946140,47.4205260
1852;38.8746129,47.2142100
1853;38.9155040,47.2325250
1854;41.9309456,44.9974514
1856;40.7216399,47.0961700
1857;38.6729870,44.8334370
1858;40.0893780,47.4223630
1859;41.2899061,48.1863051
1860;34.1361120,44.4847539
1861;39.0306071,45.0489038
1862;30.3515250,59.9647440
1863;42.1872305,47.5302596
1864;42.0970338,47.6388075
1865;39.6152700,47.2309680
1866;39.8146402,47.2757658
1867;41.9683431,45.0454764
1868;39.6952920,47.2967190
1869;39.5368326,47.0797760
1870;39.7015050,47.2357137
1871;39.7737621,47.2611415
1872;39.6146230,47.2393990
1873;28.3020510,57.8424160
1874;28.3020510,57.8424160
1877;43.1043060,55.9448506
1878;43.8686830,56.2579809
1880;61.3681768,55.2257249
1881;44.4472100,48.7459051
1882;44.4472100,48.7459051
1883;24.2572994,56.8743699
1884;44.4472100,48.7459051
1885;24.1051864,56.9496487
1886;41.3245720,56.3542480
1887;33.0913189,68.9048133
1888;25.0136070,58.5952720
1889;61.3813130,55.2185117
1890;40.1514903,45.8552838
1891;49.1501259,55.8275838
1892;49.1276265,55.8262103
1893;83.715170,53.364528
2893; 23.768145,52.099165
2894;49.1255781,55.7633524
2897;33.3644362,35.1686604
2898;33.0847620,68.8979310
2899;45.9798167,51.5563789
2900;41.3171220,56.3570800
2902;23.8815471,54.9252316
2904;31.9849078,54.7701147
2905;86.1065260,55.3442610
2906;10.033112,45.629842
2907;23.3177570,55.9101990
2908;40.4111390,56.1557360
2909;105.3187560,61.5240100
2910;76.8829077,43.2711708
2912;49.1995480,55.8098070
2913;30.4855894,56.3368173
2915;30.2892060,59.8615170
2916;84.9900723,56.4424109
2917;39.5996206,47.2402712
2918;39.5996206,47.2402712
2920;30.3329280,59.8952490
2921;30.3810806,60.0290499
2922;30.3914274,59.9335631
2924;82.7276100,54.9931091
2925;39.8844708,57.6260744
2926;37.8340240,55.6360870
2927;39.8844708,57.6260744
2928;49.2046020,55.8073590
2929;49.2046020,55.8073590
2930;37.9278870,59.1573300
2932;49.1363450,55.7702860
2933;49.1363450,55.7702860
2934;44.7798178,48.8172448
2935;44.7498100,48.8178183
2936;37.7262360,55.5537060
2937;36.5821320,50.6297400
2938;38.7984950,58.0580770
2939;43.8769880,56.2660740
2940;39.7487590,54.6185940
2941;39.8380900,57.6573330
2942;49.1919414,55.8172816
2943;49.1043850,55.8308620
2944;39.2088823,51.6754966
2945;30.6119420,59.7275780
2946;49.1766180,55.7858159
2947;49.0869080,55.8221850
2948;38.9153525,47.4053490
2949;39.0507131,46.5276389
2951;31.2580219,58.5555528
2952;60.6615100,56.8373950
2953;31.2545701,58.5559700
2954;42.1498707,47.5072370
2955;38.8116968,58.0574860
2957;49.0696210,55.8029400
2958;44.781612,41.739787
2959;81.3222557,53.7933286
2960;31.9684474,54.7912680
2961;27.4132240,59.3382179
2962;38.9814455,45.0995328
2999;49.602658,58.606528
3013;41.5546700,46.4711063
3016;39.9704945,50.8727761
3017;82.8538530,54.9463190
3019;39.0998010,51.6476410
3023;61.3526650,55.1048170
3024;49.1481113,55.8239242
3025;34.4161100,53.2635306
3026;20.5360920,54.7072230
3027;43.9876290,56.2486350
3028;43.8883170,56.3384300
3029;44.0751622,56.2995367
3030;39.7216720,54.6361670
3031;40.4050050,56.1693780
3034;37.5297350,55.4252420
3035;37.5297350,55.4252420
3036;31.2741928,58.5255698
3037;86.1404150,55.3097240
3038;73.3998720,54.9610550
3039;73.3998720,54.9610550
3042;30.5731437,59.7532085
3043;30.5939360,59.7520530
3045;27.6785162,53.9050039
3046;30.5704240,59.7505910
3048;49.1748411,55.7972197
3049;73.3038060,54.9454280
3050;73.4251860,54.9859600
3051;73.3726729,54.9343895
3052;73.2652370,55.0506550
3053;73.2495250,55.0272499
3054;30.5015706,56.3512049
3055;30.3905332,59.8840493
3056;37.4387117,55.6639259
3057;41.0021484,56.9777340
3058;39.8571530,57.3063994
3059;38.9732096,46.0703091
3060;30.7776325,59.7650550
3061;8.8094700,51.0334200
3065;37.7120659,55.7841054
3066;30.3350986,59.9342802
3067;30.4860250,59.9005290
3068;39.8210581,57.6739272
3071;30.3350986,59.9342802
3072;39.8441439,57.6611342
3073;39.6629020,54.6618270
3074;39.7961480,54.6054560
3075;39.5422082,54.7103327
3076;41.9182177,57.2125733
3077;40.9717780,57.7493020
3078;30.2194935,59.8250646
3079;39.8844708,57.6260744
3080;53.7471594,63.5673210
3084;104.2320340,52.2732335
3086;37.9155350,59.0899510
3087;53.9068532,63.5932190
3088;30.3350986,59.9342802
3089;37.1917294,55.9274598
3090;31.3106703,58.5442203
3091;30.2846161,59.9895937
3092;53.7471594,63.5673210
3094;38.5158110,57.2886064
3095;37.5986690,55.6818180
3096;37.5362900,55.6114120
3097;37.4831140,55.8384060
3098;37.5855700,55.8592870
3099;37.8219070,55.7691620
3100;37.4748942,55.6879038
3101;37.4831430,55.7752140
3102;37.7383064,55.6042610
3103;29.1019100,59.9059670
3104;31.2692350,58.5410550
3105;33.5776354,60.7272830
3107;32.8638450,53.9531180
3108;60.6615100,56.8373950
3109;40.3705876,56.1459819
3110;60.5797324,59.6119159
3111;31.2741928,58.5255698
3113;34.0873561,44.9465480
3114;43.8803290,56.2928030
3116;43.0396360,44.0498933
3117;43.3857726,56.6451028
3119;31.2406220,58.5125150
3123;37.8205890,55.7614720
3124;37.5172022,55.6713538
3127;49.6904338,58.5612096
3128;38.9814455,45.0995328
3129;39.8844708,57.6260744
3130;86.0626630,55.3515930
3132;30.2685000,59.9972440
3133;40.4640130,56.4465754
3134;37.7708918,44.6849241
3135;33.9058041,58.3931104
3137;38.1238660,56.2779150
3138;38.1238660,56.2779150
3139;37.6684888,55.8450479
3140;60.6057025,56.8389261
3142;37.3538620,55.7234050
3143;41.0284092,56.9898703
3144;36.6253587,50.5909676
3145;104.1953970,35.8616600
3146;49.0252560,55.8264710
3147;64.0471585,67.5071874
3148;41.4216451,52.6416589
3149;39.1332255,51.6622637
3150;39.2376330,51.6209590
3151;40.1080869,44.5984115
3152;30.442045,59.815138
3153;39.7341543,43.6028079
3154;43.9249810,56.3216540
3155;30.2759570,59.8810620
3156;39.1224802,51.6868606
3159;30.4037364,59.9101266
3160;36.0610540,52.9741920
3161;35.9837772,52.8990819
3162;55.9720554,54.7387621
3166;43.8552363,55.4049198
3167;39.5901700,47.2453190
3168;35.321366,37.009985
3169;38.0503690,44.5914710
3170;28.904063,41.059147
1470;32.0733921,54.7543752
1472;43.9815713,56.2906543
1473;40.9814470,57.7495020
1475;39.7125857,54.6095418
1476;-1.015562,46.208560
1477;49.2803947,53.5748074
1478;38.9554662,44.9887587
1479;43.5046680,56.2429210
1480;43.5046680,56.2429210
1481;43.5046680,56.2429210
1482;43.5046680,56.2429210
1483;43.5046680,56.2429210
1485;82.9549810,55.0933600
1486;38.9554662,44.9887587
1487;38.9554662,44.9887587
1488;39.0244301,45.0002002
1489;82.9527881,55.0174951
1490;35.9304050,56.8739430
1491;36.0377147,52.9426548
1492;38.8685052,56.7491017
1494;15.176987,52.717618
1495;51.8469974,55.6131960
1497;37.6969170,55.5837430
1498;53.7742185,56.4539288
1499;53.7618375,56.4539933
1503;30.4437590,59.9640440
1505;52.3721038,55.7185054
1506;52.3721038,55.7185054
1508;52.3721038,55.7185054
1512;43.9360589,56.2965039
1515;47.8801979,56.6079802
1516;83.6098740,53.3493190
1517;35.8799266,56.8356122
1518;44.0272790,56.3024207
1519;55.0973018,51.7323064
1520;60.0089094,56.8851037
3214;60.6628300,56.7837210
3216;39.8793300,57.6203460
3217;36.0676302,52.9791026
3218;38.5217888,59.2110144
3219;132.0064506,43.1737387
3220;36.0320335,52.9404326
3222;36.5960017,55.1959875
3223;39.8844708,57.6260744
3224;39.7125857,54.6095418
3225;39.7125857,54.6095418
3226;37.5071149,55.8968534
3227;40.3967289,56.1469360
3228;20.4950200,54.7110468
3229;20.5531250,54.7107410
3230;39.8999029,57.6772916
3231;56.1113320,58.0391120
3232;60.0540190,58.3507470
3233;59.8560859,58.6309394
3234;60.5856610,59.6105880
3235;42.0451730,55.5676900
3236;44.5203802,40.1667727
3237;59.9816186,57.9214912
3238;59.9816186,57.9214912
3241;20.5338753,54.7428559
3246;37.6116378,54.2080662
3247;83.7697832,53.3547792
3248;-3.4359730,55.3780510
3249;61.4021911,55.1471612
3251;30.4065400,59.9229490
3252;37.8003888,55.9289281
3253;60.5698352,59.6124355
3255;41.1111326,44.9873603
3256;73.4478157,54.9239320
3257;73.4361240,54.9167970
3258;83.7143660,53.3640714
3259;104.3050183,52.2869741
3261;29.8505903,58.7408190
3262;30.3904590,59.8836880
3263;40.0702755,44.6213289
3264;30.3840580,59.8825250
3265;64.7828600,60.1237490
3266;60.6057025,56.8389261
3267;37.6803720,55.8433590
3268;30.3189050,60.0637850
3269;61.4368431,55.1644419
3271;47.8398690,56.4705656
3272;37.5479620,55.8814680
3274;35.9056613,56.8351919
3275;37.7352730,55.5922020
3276;39.8844708,57.6260744
3277;59.6858853,55.1558787
3279;34.3627752,61.7764684
3280;47.3133770,56.1287570
3281;33.1067880,69.0051330
3282;60.5974703,59.0490896
3284;39.7216720,54.6361670
3285;59.6790798,55.1683556
3288;60.5843356,56.8924060
3290;78.4229392,45.0119227
3291;33.9853142,57.0021654
3292;40.9766453,57.0050671
3293;60.6057025,56.8389261
3294;47.2627820,56.1167663
3297;37.7164530,55.7150970
3298;47.3169887,56.1273323
3299;33.5090044,44.5738884
3301;39.8983030,59.2456090
3302;40.9718721,56.9425793
3303;22.660427,54.250364
3304;43.9876290,56.2486350
3305;43.8883170,56.3384300
3306;65.3502460,55.4470970
3307;37.6200050,55.6862500
3308;60.6057025,56.8389261
3310;43.9360589,56.2965039
3312;60.6057025,56.8389261
3314;24.6031890,56.8796350
3315;56.1065760,57.9504220
3319;35.3671233,52.3333560
3323;44.0683969,54.2369441
3324;39.5844936,47.2399622
3325;30.3350986,59.9342802
3326;37.6175154,55.5756257
3327;54.1243617,54.1001022
3332;43.9519779,56.3393870
3334;39.4345872,47.0943160
3335;40.9959661,57.0112695
3336;39.7065230,47.2953460
3337;37.5915078,55.7940546
3339;37.5915078,55.7940546
3341;30.3453867,59.9875212
3342;37.6173000,55.7558260
3343;47.1915103,56.1482554
3345;60.6860779,55.7696792
3347;47.1915103,56.1482554
3348;30.4381670,59.9717820
3349;39.8955879,59.2602730
3353;39.3869215,47.0882357
3354;37.9097269,59.0983430
3355;37.4962170,55.8200560
3356;40.9796870,57.7733330
3357;60.0848595,59.9372795
3358;43.9441431,56.2278679
3359;43.8707095,56.3530334
3360;28.3005130,57.8345490
3361;28.3005130,57.8345490
3362;66.9236840,48.0195730
3363;37.7856820,55.6651648
3364;28.3371312,57.8098690
3367;37.5760110,55.5285069
3369;86.0623044,55.3450231
3370;36.6263850,50.5904590
3372;30.3453867,59.9875212
3373;38.763427,55.103549
3375;65.5894550,57.1236170
3376;37.5915078,55.7940546
3377;37.5829132,55.8627430
3378;34.1113601,44.9411845
3379;60.8160700,56.7553810
3380;60.5864162,56.9664827
3381;113.5382210,52.0303670
3385;43.8660190,56.2463150
3386;44.0768891,56.2941819
3387;44.0000490,56.2908270
3388;43.8539910,56.3481400
3389;43.8708935,56.3058814
3390;47.2759727,56.1095125
3391;41.9972965,55.5915267
3392;61.3676396,55.2322956
3393;43.9226999,56.2796398
3394;43.9929460,56.2387210
3395;43.8655370,56.2370320
3396;43.8769880,56.2660740
3397;61.9222979,56.4253389
3398;39.8625850,59.2110750
3399;44.4792011,48.7538497
3400;29.4722662,59.4444768
1558;37.9126780,59.0978740
1560;40.9807300,57.7411820
1561;132.9429434,48.7875614
1562;39.7587450,54.6377730
1563;60.6971520,56.8245870
1564;60.697205,56.824582
1565;38.9784270,46.0600480
1566;20.4898040,54.7382840
1569;65.4794260,57.1635970
1570;60.6057025,56.8389261
1571;51.8469974,55.6131960
1576;60.6971520,56.8245870
1577;45.9219600,51.4875244
1579;31.9893545,54.8118985
1580;60.6971520,56.8245870
1584;40.6242940,64.5344850
1586;60.6233736,56.8164291
1587;39.8844708,57.6260744
1588;40.9711896,56.9466747
1589;56.2172790,57.9564120
1590;26.0653090,53.1319946
1591;39.0964606,45.0378233
1593;40.9679840,57.0267940
1595;39.8929140,57.5984860
1596;43.4351804,56.2440992
1597;43.4392581,56.2447869
1598;43.8223580,56.3462090
1600;61.3722894,55.1492512
1605;36.8660656,55.9230933
1615;60.6541355,56.7827356
1620;30.3778540,59.9239600
1621;60.7543988,56.0571732
1622;60.5885410,56.8230400
1623;37.9065439,59.1280990
1625;41.3226311,56.3567690
1631;25.2681960,54.6906689
1632;37.9091811,59.1323330
1633;39.7015050,47.2357137
1634;40.3668800,57.0301008
1635;-122.846712,49.227025
1636;34.3731280,53.2831050
1639;34.2849980,54.0541910
1641;30.3648450,59.9973880
1642;42.7246414,62.8507204
1643;30.4459604,59.8422208
1644;30.4337990,59.8399340
1647;30.4071150,59.9956960
1648;30.2467320,59.9505070
1649;30.3480243,59.9885053
1650;30.1909690,59.8245980
1651;30.2979143,60.0263493
1652;30.5009440,59.9376328
1653;30.3386495,59.9028725
1654;54.2888670,56.0872813
1657;60.0820740,57.2159860
1658;68.2846070,58.2296470
1659;30.4296640,59.8293370
1660;30.4303760,59.8422970
1661;40.5130630,56.8549110
1662;60.5899410,56.8957630
1664;38.8851780,56.7535618
1665;39.8217570,57.6588300
5606;92.9016910,56.0654650
5607;38.5111034,59.2373103
5610;30.3355410,60.0300990
5611;37.6184915,54.2048360
5613;40.9812030,57.0161020
5616;38.8813905,54.7716472
5619;37.7509972,55.8930592
5620;39.8458654,57.6585089
5621;42.7211627,62.8523001
5622;37.7341160,55.8797750
5623;37.9220240,59.1380530
5624;40.2173443,47.6727494
5625;40.3448459,56.1188980
5627;34.1537049,44.9570333
5628;37.5840286,55.4279600
5629;38.9923862,55.8105336
5634;40.9419203,57.0463648
5635;47.2848829,56.1425290
5636;40.9781280,56.9812160
5638;30.4728654,59.8578783
5639;37.5313000,55.8548520
5640;43.8803290,56.2928030
5641;30.8457420,59.5514720
5643;43.8803290,56.2928030
5644;95.7208031,56.1766552
5646;38.8388633,57.8991523
5647;40.2136327,47.6761887
5648;30.4823500,59.9455000
5649;39.2438223,55.9508722
5650;73.3242362,54.9884804
5651;40.3922700,56.1477370
5652;-80.7821270,8.5379810
5653;30.8652090,59.5410310
5654;38.8116968,58.0574860
5657;39.8823546,57.5846907
5658;35.9304050,56.8739430
5659;18.0455025,48.8961013
5660;24.9667600,45.9431610
5661;-9.1522768,38.7567621
5666;37.5959524,55.5813257
5667;39.8064250,57.6308060
5668;95.1104176,64.2479758
5671;31.2692140,58.5600950
5672;30.2809732,59.9631215
5673;30.3840580,59.8825250
5674;65.3784790,55.4471580
5675;30.3615350,59.9848540
5676;30.1668350,59.8064050
5680;38.8916902,56.7460499
5683;37.3741569,55.7260170
5686;45.9608032,51.5923654
5687;52.2613248,52.7732825
5688;55.9438932,53.6554353
5689;36.9978250,56.1780733
5690;37.0154220,56.2216707
5691;37.0154220,56.2216707
5692;39.6115520,47.2348120
5694;-81.4982003,27.6696839
5695;30.3350986,59.9342802
5701;76.9856815,43.3662057
5712;76.9669262,43.3424620
5713;39.6043970,47.2410650
5714;-86.6297231,36.1069737
5717;30.4582600,59.9541400
5718;38.0185118,55.9109382
5720;39.8430463,57.6661868
5721;39.8055340,57.6604150
5723;85.1331626,52.5101943
5725;84.9924506,56.5010397
5726;36.0177910,55.4965930
5727;37.9717070,59.1301400
5728;51.0392320,56.2391634
5730;39.8234939,59.2034980
5732;38.4133569,55.4719640
5735;76.5433724,60.9431185
5736;30.4663049,59.8385943
5739;30.4480551,59.9527071
5742;21.8243120,39.0742080
5743;30.3818104,59.8820204
5746;34.3613537,61.7930269
5747;30.3766394,59.8820790
5752;39.8844708,57.6260744
5753;39.9194868,57.6430717
5754;39.6147200,47.2417990
5756;37.9091811,59.1323330
5757;37.8644078,55.7747553
5762;39.8718450,57.5973210
5763;37.6173000,55.7558260
5764;38.1342868,58.9058778
5765;36.5359369,50.5685800
5766;37.5622200,55.4736620
5768;30.4968150,59.7475720
5769;30.4480551,59.9527071
5770;39.8055340,57.6604150
5771;56.1800710,57.9595680
5774;30.7035749,61.7037390
5776;39.7015050,47.2357137
5782;36.7885558,56.7084844
5783;104.3050183,52.2869741
5784;40.9698928,57.7774816
5785;39.8562720,47.2772090
5786;30.6879017,61.7045424
5787;33.2972674,54.9220600
5788;104.3000540,52.2974550
5789;30.2726314,59.9087514
5793;40.3175143,58.4207811
5794;38.8402061,58.0521754
5798;50.1517805,53.2248865
5800;39.8844708,57.6260744
5801;83.7697832,53.3547792
5803;39.5954490,47.2430637
5804;-81.4982003,27.6696839
5805;41.9241226,57.2200465
5808;37.6173000,55.7558260
5809;55.9720554,54.7387621
5810;39.8234939,59.2034980
5813;38.1685423,54.8296264
5178;30.3398800,59.9885320
5179;38.6815131,55.3238424
5181;30.3342100,60.0301510
5183;135.0979495,48.4522286
5184;43.8997030,56.3167070
5185;30.2953550,59.9617940
5186;30.3350986,59.9342802
5187;30.3350986,59.9342802
5188;30.3816819,59.8812714
5191;71.3607100,42.8749754
5192;47.2517750,56.1013940
5193;39.8768940,57.6011330
5196;38.7655974,58.0475647
3401;59.9906096,57.9257045
3402;41.0784495,56.9338742
3403;127.4801721,54.6035065
3405;34.1312520,44.9592489
3412;38.2074410,55.8658450
3416;38.8233031,55.0783929
3417;37.5112300,55.6362210
3422;61.3060440,55.1491750
3423;31.2713964,58.5569028
3427;42.0621818,55.5473050
3428;30.3567833,59.8538295
3429;37.6186293,55.4492519
3430;32.0503663,54.7903112
3431;135.0662599,48.5027313
3434;43.8207260,55.3828660
3435;43.8207260,55.3828660
3436;43.8143804,55.3825915
3438;28.6114930,59.3713350
3439;42.0165852,55.5673975
3440;65.5250172,57.1612975
3441;37.3750162,55.7249108
3444;28.3344734,57.8166994
3445;43.9360589,56.2965039
3446;65.5929249,57.1256580
3448;60.5790010,56.8031370
3449;61.4368431,55.1644419
3451;39.0899710,45.0272364
3452;60.3610267,54.9757431
3453;58.1580695,54.9268335
3454;28.8519199,61.1175899
3455;30.3350986,59.9342802
3461;3.172715,50.619250
3463;39.3900802,57.1838907
3464;30.3350986,59.9342802
3465;23.8812750,55.1694380
3467;35.9386316,56.0195843
3471;60.5271260,56.8885760
3472;60.6211380,56.8771670
3473;60.5620081,56.8463016
3474;60.5864140,56.8449730
3475;40.5679857,64.5692451
3476;40.5679857,64.5692451
3481;40.5167008,64.5697859
3482;40.5508260,64.5523230
3483;40.5973704,64.5330944
3484;42.1069019,61.0660054
3486;41.3753233,56.8348773
3487;39.8206210,57.6620690
3488;61.3540400,55.1790920
3489;8.206836,44.897957
3491;30.4500165,59.8849942
3492;37.4828983,55.1519823
3493;30.3692550,59.9761290
3494;40.5688683,64.5651807
3495;30.4531600,59.8450800
3496;30.4998240,59.9358500
3497;30.2659690,59.8922510
3498;30.3393040,59.8815740
3499;30.3624590,60.0596670
3501;39.6056931,47.2442065
3502;40.9938416,57.7154845
3503;60.6633860,56.8419280
3504;73.4820800,61.2422730
3505;39.8014960,57.6608470
3507;40.9782370,57.7963840
3509;61.4186930,55.1879910
3510;40.9807300,57.7411820
3511;30.2075855,60.5430763
3513;40.3941683,56.1691665
3515;60.6057025,56.8389261
3519;40.5773582,57.4572354
3521;60.6594012,56.8179157
3522;27.6194626,53.8721032
3523;27.6969909,53.4718561
3524;40.4520979,56.1725588
3529;40.9286325,57.0087108
3530;30.6115492,64.5950323
3531;30.4284950,59.8789988
3532;30.6228150,59.7390690
3533;30.3378210,59.8331200
3534;30.2846839,59.9117222
3535;30.4354340,60.0190010
3536;32.2934760,59.9259410
3537;31.6707023,59.1241131
3538;31.0012210,59.8835080
3539;31.2420950,58.5244250
3540;27.5615244,53.9045398
3541;32.6807882,55.0637559
3542;40.3747470,56.1563690
3543;30.3865950,59.8868160
3546;37.4933326,55.8905704
3547;39.9194868,57.6430717
3548;37.6173000,55.7558260
3549;39.9738155,57.6393582
3551;60.5718488,59.6149728
1733;40.3976900,56.1696560
1734;40.4560780,56.1540090
1735;2.683024,50.512780
1737;30.3595284,59.9409576
1738;40.4560780,56.1540090
1739;41.3126400,56.3551860
1741;37.8972140,59.1246030
1742;31.8182548,54.7878920
1746;60.6057025,56.8389261
1749;49.0252560,55.8264710
1750;43.8620374,56.2974044
1751;34.4414458,53.2222381
1753;38.257039,55.557643
1754;32.0253010,54.7954290
1755;39.8844708,57.6260744
1757;39.6690150,47.2020450
1760;37.6324337,54.1686747
1761;39.8434570,59.2089170
1762;47.6223892,42.8736331
1763;47.6223892,42.8736331
1764;53.2578514,56.8283161
1765;49.6252983,58.5896806
4933;135.0526019,48.4918560
4934;39.8120030,57.5939920
4935;39.8844708,57.6260744
4938;33.9187107,58.3900217
4939;30.3985047,59.9029820
4940;30.4015670,60.0716960
4941;63.2885983,55.2357203
4942;31.6810188,59.1227667
4943;37.3725916,45.2745533
4944;37.6173000,55.7558260
4945;37.5500510,55.8589670
4946;37.5303530,55.3623990
4948;30.3350986,59.9342802
4949;41.3575340,56.8511341
4951;39.5374926,52.6167744
4953;30.3899753,59.9518789
4954;35.9414850,56.8453460
4956;30.2807197,59.8881959
4957;35.9298069,59.3903010
4958;40.9327240,57.0002740
4961;40.5973704,64.5330944
4963;71.4987742,51.2084554
4964;56.0837120,54.9168807
4965;66.9236840,48.0195730
4966;35.3669551,52.3332892
4967;38.5131978,59.2298232
4968;43.9360589,56.2965039
4972;30.4406600,59.9829240
4973;39.8514080,57.6463382
4974;40.9800132,57.7522613
4975;43.9517250,56.2939840
4976;30.3436620,59.8842730
4979;30.3444060,60.0352920
4980;60.6057025,56.8389261
4981;41.0543052,56.9463212
4983;39.4131527,57.1956230
4984;44.5133034,48.7080480
4985;55.1004538,51.7666482
4986;39.2252700,45.2286020
4992;37.8082140,55.9330010
5433;39.9034327,47.8220495
5434;39.7015050,47.2357137
5435;36.7174819,56.3272590
5437;37.6937269,55.7066565
5439;38.9445780,47.2063569
5441;39.2469781,45.2125963
5442;39.8946160,57.5901010
5443;37.3823450,55.8080607
5445;20.5629516,54.7584767
5446;30.1468745,59.9927910
5447;30.1511660,59.9935180
5449;41.7363716,57.0949114
5452;38.7084009,56.4060233
5453;38.7000137,56.4045989
5454;30.3840580,59.8825250
5456;24.7941387,59.0074488
5457;-3.4359730,55.3780510
5458;37.6173000,55.7558260
5459;49.6381139,58.5521380
5460;36.5982621,50.5997134
5464;36.0377147,52.9426548
5466;40.9766453,57.0050671
5467;30.5651100,59.7508190
5468;33.0803430,68.9510990
5469;39.7361466,47.2757005
5470;-9.2589420,38.7829260
5471;49.0959790,55.8240410
5473;30.4968150,59.7475720
5474;24.6031890,56.8796350
5475;38.6769772,55.7779484
5477;43.5046680,56.2429210
5478;38.0036210,56.0833383
5482;107.6516730,51.8394010
5484;20.5509980,54.7101150
5485;37.7371020,55.7798040
5487;43.4057137,56.2393995
5490;30.5793400,59.7528120
5491;39.6950510,47.2145750
5492;39.6950510,47.2145750
5493;39.7476700,47.1489930
5494;30.4968150,59.7475720
5496;34.2700450,53.3082950
5497;36.5692085,50.5525291
5498;38.6864510,55.7772870
5499;30.4968150,59.7475720
5505;38.8567449,58.0386610
5509;40.4297120,56.1112520
5512;27.5758009,54.1935457
5513;40.9698928,57.7774816
5514;66.9236840,48.0195730
5515;30.3568285,59.9922955
5516;37.3772110,55.7255400
5518;35.3393376,54.1033433
5521;30.5009890,59.9262640
5522;39.6327023,47.1918333
5523;39.8978052,59.2180665
5524;37.4140950,55.8294590
5525;30.1668350,59.8064050
5527;44.0257850,56.3086980
5528;38.7326594,55.1205065
5529;38.1563076,56.2941502
5532;40.9768740,57.7427000
5533;30.3785062,59.8706350
5537;40.9839392,57.0054260
5539;55.9438932,53.6554353
5541;38.2917651,55.3403960
5544;64.0479073,51.5077096
5546;40.9547349,57.0122147
5547;42.0980506,51.3694333
5549;38.8388633,57.8991523
5551;37.3910080,55.8991900
5553;57.1669780,50.2839339
5555;37.3598916,56.8603977
5556;37.6883319,55.7078487
5557;37.5280695,56.7247972
5558;36.1730817,51.6996306
5560;38.8439890,58.0464990
5563;30.2360388,55.1944288
5565;38.8647440,56.7528000
5566;39.8844708,57.6260744
5569;30.3840580,59.8825250
5570;38.5729473,56.3691157
5571;29.1015170,59.8871260
5572;35.9425334,56.8448285
5573;37.8689373,55.9754782
5574;49.0660806,55.8304307
5576;38.1191850,56.2949700
5577;32.2904998,59.9283483
5578;38.2457323,55.5817372
5579;30.3350986,59.9342802
5582;37.7487290,55.7206570
5584;39.8160759,59.2039740
5585;35.8704807,56.8490879
5586;41.3117504,56.3574923
5587;37.8744810,59.1294030
5589;40.5303795,56.8434717
5590;49.1919414,55.8172816
5591;30.4267500,60.0329820
5592;40.9743850,56.9638540
5594;40.4238110,56.1495060
5595;51.3865431,51.2278210
5596;37.4117161,59.1179315
4994;29.0952882,59.8816242
4996;39.4131527,57.1956230
4997;49.6667983,58.6035321
4998;39.8844708,57.6260744
4999;30.4729900,59.9685480
5000;20.5672062,54.7492068
5002;30.4468090,59.8587810
5003;41.7293164,57.1039446
5004;39.8228000,47.2716000
5005;37.9291835,53.9229748
5006;30.2798119,59.9416923
5007;39.9334350,57.6515690
5008;30.3967070,59.8833140
5009;30.2473960,59.8847188
5012;35.8766060,56.8621000
5014;43.9972738,56.3310385
5015;37.6353466,54.1593417
5016;37.6173000,55.7558260
5017;30.3120162,59.9275552
5019;40.3790830,56.1507340
5020;34.1311380,44.9592490
5022;59.7700453,58.2835921
5024;43.9972738,56.3310385
5025;39.8227981,57.6735819
5027;38.0694956,55.6100586
5028;39.9341063,47.7560583
5038;37.6173000,55.7558260
5039;40.3580500,56.1510560
5041;36.2934500,54.5563010
5043;76.8512485,43.2220146
5045;36.7272160,55.3796480
5046;37.5241810,55.7673680
5047;3.5890566,47.8035420
5049;41.0012868,56.9884314
5051;66.9236840,48.0195730
5052;43.9970930,56.2365440
5053;43.8699110,56.3496670
5054;2.0671507,41.3667533
5055;35.5078073,56.0356220
5056;35.5269263,56.0360243
5058;39.0472312,55.3798178
5059;39.8844708,57.6260744
5060;75.4477605,63.1841959
5061;38.0929850,45.2610122
5062;38.1063970,45.2412530
5063;30.4800400,59.8433030
5064;41.3750855,56.8517601
5065;39.6115520,47.2348120
5066;30.3824250,59.9950320
5067;38.2094730,45.3442440
5068;41.6616845,47.2773542
5070;39.4319800,47.1056170
5071;73.3242362,54.9884804
5072;38.0442592,59.1943654
5074;38.2097795,55.5560604
5075;43.8299175,55.3964609
5076;39.8844708,57.6260744
5077;48.3837914,54.3181598
5079;37.9097269,59.0983430
5080;83.7697832,53.3547792
5081;15.8711864,49.2204294
5082;56.1439526,54.4629406
5083;40.3423140,56.1220762
5084;43.9517250,56.2939840
5087;30.3718305,59.9364103
5088;60.6057025,56.8389261
5089;39.1653735,51.6821704
5090;42.0159540,55.5843064
5091;43.2922840,54.9407660
5092;43.9690490,56.2554010
5094;25.290978,54.716658
5095;38.9667902,55.8034354
5096;37.6139080,55.4170820
5097;37.6281809,55.4450945
5098;39.8311976,57.5605534
5102;39.8320443,47.2762701
5104;47.2008610,56.1475920
5105;30.4632790,59.6815240
5106;32.0584360,54.7958890
5107;30.4050283,59.7082418
5108;56.0456103,54.7642544
5109;37.8237416,55.6385073
5111;39.6794042,56.5005833
5112;43.8144850,55.4086890
5113;44.1978564,45.3770883
5114;39.7920690,57.6837940
5115;40.5743551,57.4664679
5118;49.1324220,55.8262760
5119;49.2037760,55.8079900
5121;35.9403462,56.8414939
5122;49.1317670,55.8263480
5123;45.0224997,53.2293812
5124;49.1605078,55.7548132
5125;24.0689784,56.9358257
5126;39.7015050,47.2357137
5127;60.8886706,55.4862364
5128;8.4671214,55.6627227
5129;40.9647800,56.9657640
5130;39.8472514,57.6639032
5131;39.6127390,47.2358819
5132;39.5893092,47.2406852
5133;39.6757641,47.2830408
5134;85.1472004,52.5072747
5135;40.5996460,64.5366340
5136;39.8311976,57.5605534
5138;38.3457989,57.5313392
5139;30.4284950,59.8789988
5140;30.3350986,59.9342802
5141;60.4950080,56.8200840
5143;30.3350986,59.9342802
5144;30.8896711,59.5403949
5145;39.5108615,57.8640297
5146;39.5102740,57.8643647
5147;30.3350986,59.9342802
5149;36.2591390,51.7405270
5151;30.4480695,59.9527084
5152;38.7655974,58.0475647
5153;-3.7492200,40.4636670
5154;30.3781060,59.8972370
5155;37.8449606,55.7642510
5156;30.2541234,60.0014360
5157;43.9876290,56.2486350
5158;39.8067607,57.6293142
5159;38.9724470,55.7954574
5160;36.7228425,55.1147626
5161;60.6284610,56.7877710
5162;40.5202620,56.8546540
5163;73.4612860,61.2599420
5164;43.2418237,50.0568691
5165;38.7120370,56.3947309
5169;39.7015050,47.2357137
5170;40.9135776,57.7889861
5171;39.4131527,57.1956230
5172;30.3049980,60.0618470
5173;40.1050949,45.8676515
5174;39.2422382,51.6023336
5175;39.8406070,57.6393970
5176;40.2399700,56.0913520
5236;38.4772520,55.8585910
5239;43.8887069,56.3387390
5240;40.9698928,57.7774816
5241;38.0020420,55.5897410
5242;39.8923560,57.5711280
5243;47.8796492,56.6066231
5244;39.8844708,57.6260744
5245;44.1693084,56.1794847
5246;39.8164289,47.2744605
5247;27.5758009,54.1935457
5248;44.0872732,56.3453623
5249;43.4983637,56.6409598
5250;43.1061876,55.9647666
5251;43.3857774,56.6451128
5252;30.4198330,59.9125640
5254;30.5643057,59.9463946
5258;37.4040270,55.8027342
5259;39.1137793,45.0432767
5260;38.1472113,45.2651127
5261;37.3603171,45.2931287
5263;35.9175965,56.8587214
5264;37.8401303,57.2365343
5265;38.8116968,58.0574860
5266;37.8624920,55.9837130
5268;35.2433220,38.9637450
5269;30.6257800,60.0304150
5270;38.1229122,56.2737977
5271;38.9808420,45.0565570
5274;39.8926273,44.7536614
5275;25.4858300,42.7338830
5276;40.5983715,44.9049087
5277;-3.4359730,55.3780510
5280;30.6260540,60.0185300
5281;49.4109560,53.5410150
5282;30.3816819,59.8812714
5283;37.3763414,56.8655250
5284;37.5439220,56.3665440
5285;38.1511740,56.3371310
5286;54.9325597,54.0656752
5287;37.7625465,55.4799597
5289;38.8388633,57.8991523
5290;30.3840580,59.8825250
5291;60.6177431,59.6104645
5292;30.4245350,59.8648350
5293;61.3199944,55.2199308
5295;39.6543073,45.5790083
5296;55.1586090,51.8050690
5298;82.9873940,54.9893720
5299;43.4416639,44.1258769
5300;27.5912672,53.8120897
5301;39.7108350,47.2499067
5302;44.5018318,56.7889481
5306;-106.3467710,56.1303660
5307;34.3275180,53.2229970
5308;30.3343810,60.0301720
5309;49.2910638,53.5797530
5310;50.4725528,53.4183839
5311;49.2910638,53.5797530
5312;36.5982621,50.5997134
5313;42.1671263,55.3339107
5314;42.5272184,55.4162433
5315;50.3021512,53.2573138
5316;66.9236840,48.0195730
5317;20.4902479,54.7374719
5318;52.2914170,55.6718950
5322;43.8896688,56.2871981
5323;36.5982621,50.5997134
5327;36.8905750,55.9056082
5328;36.2142050,55.6918756
5330;50.4725528,53.4183839
5331;30.4480695,59.9527084
5332;33.4376160,44.5470325
5333;38.8425228,47.2243001
5334;48.2546370,54.2580000
5335;73.4993602,54.9392564
5336;30.4523509,59.9525492
5337;39.5844936,47.2399622
5338;36.0993227,53.0065160
5339;49.4198344,53.5086002
5340;30.4500165,59.8849942
5341;30.6435397,60.0284319
5347;37.6173000,55.7558260
5348;44.0617096,56.3070297
5350;35.5176854,56.0354052
5351;30.3840580,59.8825250
5352;30.4893480,59.9353640
5356;50.7263945,55.1802364
5358;30.3350986,59.9342802
5359;41.9507779,45.1296022
5361;32.0151880,59.4460543
5363;35.9055343,56.8958607
5364;38.8116968,58.0574860
5366;47.9040790,56.6472530
5367;52.3721038,55.7185054
5369;36.7906845,56.7086142
5370;45.7187468,43.4023301
5371;37.4064490,55.8330280
5382;47.8838580,56.6402225
5383;83.7143490,53.3640762
5384;83.7143490,53.3640762
5386;30.1341099,61.0390194
5388;37.9843371,55.9187743
5389;37.9164310,55.9645780
5390;34.3174384,55.2161203
5391;49.4198344,53.5086002
5393;39.8593590,57.6307820
5394;37.7397890,55.6068500
5400;36.8652700,55.9044500
5401;41.4257818,52.7365543
5404;39.6139536,47.2222361
5405;39.6139536,47.2222361
5411;37.9722269,55.8293420
5412;66.8806922,25.0305877
5413;37.2021514,55.9871526
5414;37.2241972,55.7759694
5415;37.2412156,55.7980077
5416;37.3361010,56.8809886
5417;30.5848790,59.7487830
5422;33.5253670,44.6166500
5423;36.2850973,54.5518584
5424;43.8902875,56.3460915
5425;39.8721790,57.6381730
5426;39.8164289,47.2744605
5427;37.6185301,55.4492328
5431;37.6185301,55.4492328
3171;30.4267240,59.8285620
3172;37.6173000,55.7558260
3173;38.7891649,58.0402310
3174;30.3654951,60.0001113
3176;37.6173000,55.7558260
3177;39.9040824,44.7734215
3178;10.4515260,51.1656910
3179;37.6173000,55.7558260
3180;35.2433220,38.9637450
3182;30.2330716,59.8494995
3184;30.4642360,59.9558710
3185;37.8374060,55.6251480
3186;37.7377101,55.5952228
3187;29.961319,40.743394
3188;73.3242362,54.9884804
3189;37.3658506,55.7235397
3190;37.3658506,55.7235397
3191;30.8408445,59.5602693
3193;37.7230360,55.9295980
3194;60.6110344,56.7827555
3195;37.5356180,56.3511060
3196;37.7223077,55.9298296
3203;60.6326960,56.7990120
3204;30.4716810,59.7638370
3205;39.0150860,45.0787962
3206;48.0599345,46.3588045
3207;32.0341083,59.4510630
3208;38.6864510,55.7772870
3209;50.8339029,61.6478508
3211;37.9166890,59.1503350
3212;44.0053015,56.2371430
3213;27.1428260,38.4237340
4874;38.8815970,58.0381060
4875;29.183586,40.909557
4876;30.3378478,59.8751370
4877;55.0985170,51.6903181
4878;56.2638140,57.9665850
4879;36.0586110,55.5012220
4880;45.9406279,51.5941098
4881;58.4835240,51.2166020
4882;55.0964869,51.7318564
4883;46.0259645,51.5753749
4884;93.0157170,56.0822360
4885;46.0531130,51.5558040
4886;39.0643813,46.5379844
4887;30.3350986,59.9342802
4888;37.6290199,55.5937420
4889;28.742740,40.977359
4890;32.839291,39.948836
4891;32.505137,37.901135
4892;63.6342650,56.0882558
4893;63.6342650,56.0882558
4894;33.2976558,54.9107067
4895;37.7346980,55.8875580
4896;30.3350986,59.9342802
4897;38.7143410,56.3995280
4898;38.7310875,56.3917230
4900;29.8586591,58.7505888
4901;29.8415442,58.7273796
4902;52.3721038,55.7185054
4903;39.8570370,59.2199840
4904;37.3772010,55.7246330
4905;39.8784161,57.6483266
4906;37.7623099,55.9202339
4907;38.8676013,47.2416334
4908;37.8042410,48.0177740
4909;37.9091811,59.1323330
4910;30.4058810,59.8978230
4911;32.9042571,67.9374403
4912;37.6933249,55.6783230
4913;40.5659301,44.8901493
4915;39.6963590,56.5048044
4918;31.3169415,58.5405183
4920;30.4369489,59.8400577
4922;73.2844590,54.9907580
4923;41.0754286,56.9717224
4924;41.0754286,56.9717224
4925;37.6173000,55.7558260
4926;33.5245173,59.6245911
4927;29.8909250,59.8873700
4928;46.6210384,61.2406778
4929;30.3610894,59.9872514
4930;27.6703522,53.9231041
4932;37.3750162,55.7249108